"mutation1"	"mutation2"	"mutation3"	"mutation4"	"mutation5"	"mutation6"	"mutation7"	"mutation8"	"mutation9"	"mutation10"	"mutation11"	"mutation12"	"mutation13"	"mutation14"	"mutation15"	"mutation16"	"mutation17"	"mutation18"	"mutation19"	"mutation20"
"sample1"	0	0	0	0	0	0	0	0	0	0	0	0	1	0	0	0	0	0	0	0
"sample2"	0	0	0	0	0	0	0	0	0	0	0	1	0	0	0	0	0	0	0	1
"sample3"	0	0	0	0	0	0	0	1	0	0	0	0	0	0	0	0	0	0	0	0
"sample4"	0	0	0	0	0	0	0	0	0	0	0	0	0	0	0	0	0	1	0	0
"sample5"	0	0	0	0	0	0	0	0	0	0	0	0	0	0	0	0	0	0	0	0
"sample6"	0	0	1	0	0	0	0	0	0	0	0	0	0	0	0	0	0	0	0	0
"sample7"	1	0	0	0	0	0	0	0	0	0	0	0	0	0	0	0	0	0	0	0
"sample8"	1	0	0	0	0	1	0	0	0	0	0	0	0	0	0	1	1	0	0	0
"sample9"	0	0	0	0	0	0	0	0	0	0	0	0	0	0	0	0	0	0	0	0
"sample10"	1	0	0	0	0	0	0	0	0	1	0	0	0	0	0	0	0	0	0	0
"sample11"	0	0	0	0	0	0	0	0	0	0	0	0	0	0	0	0	0	0	1	0
"sample12"	1	0	0	0	0	0	0	0	0	0	0	0	0	0	0	0	0	0	0	0
"sample13"	0	0	0	0	0	0	0	0	0	0	0	0	0	0	0	0	0	0	0	0
"sample14"	0	0	0	0	0	0	0	0	0	0	0	0	0	0	0	0	0	0	0	0
"sample15"	0	1	0	0	0	0	0	0	0	0	0	0	0	0	0	0	0	0	0	0
"sample16"	0	0	0	0	0	0	0	0	0	0	0	0	0	0	0	0	0	0	0	0
"sample17"	0	0	0	0	0	0	0	0	0	1	0	0	0	0	0	0	0	0	0	0
"sample18"	0	0	0	0	0	0	0	0	0	0	0	0	0	0	0	1	0	0	0	0
"sample19"	0	0	0	0	0	0	0	0	0	0	0	0	0	0	0	0	1	0	0	0
"sample20"	0	0	0	0	0	0	0	0	0	0	0	0	0	0	0	0	0	0	0	0
"sample21"	0	0	0	0	0	0	0	0	0	0	0	0	0	0	0	0	0	0	0	0
"sample22"	0	0	0	0	0	0	0	0	0	0	0	0	0	0	0	0	0	0	0	0
"sample23"	0	0	0	0	0	0	0	0	0	0	0	0	0	0	0	0	0	0	0	0
"sample24"	0	0	0	0	0	0	0	0	0	0	0	0	0	0	1	0	0	0	0	0
"sample25"	0	0	0	0	0	0	0	0	0	0	0	0	0	0	0	0	0	0	0	0
"sample26"	0	0	0	0	0	0	0	0	0	0	0	0	0	1	0	0	0	0	0	0
"sample27"	0	0	0	0	0	0	0	0	0	0	0	0	0	0	0	0	0	0	0	0
"sample28"	0	0	0	0	0	0	0	0	0	0	0	0	0	0	0	0	0	0	0	1
"sample29"	0	0	0	0	0	0	0	0	0	0	0	0	0	0	0	0	0	0	0	0
"sample30"	0	1	1	0	0	0	0	0	0	0	0	0	0	0	0	0	0	0	0	0
"sample31"	0	0	0	0	0	0	0	0	0	0	0	1	0	0	0	0	0	0	0	0
"sample32"	0	0	0	0	0	0	0	0	0	0	1	0	0	0	0	0	0	0	0	0
"sample33"	0	0	0	0	0	0	0	0	0	0	0	0	0	1	0	0	0	0	0	0
"sample34"	0	0	0	0	0	0	1	0	0	0	0	0	0	0	0	0	0	0	0	0
"sample35"	0	0	0	0	0	0	0	0	0	0	0	0	0	0	0	0	0	0	0	0
"sample36"	0	0	0	0	0	1	0	0	0	0	0	0	0	0	0	0	0	0	0	0
"sample37"	0	0	0	0	0	0	0	0	0	0	0	0	0	0	0	0	0	0	0	0
"sample38"	0	0	0	0	0	0	0	0	0	0	0	0	0	0	0	0	0	0	0	0
"sample39"	0	0	0	1	0	0	0	0	0	0	0	0	0	0	0	0	0	0	0	0
"sample40"	0	0	0	0	0	0	0	0	0	0	0	0	0	0	0	0	0	0	0	0
"sample41"	1	0	0	0	0	0	0	0	0	0	0	0	0	0	0	0	0	1	0	0
"sample42"	0	0	0	0	0	0	0	0	0	0	1	0	0	0	0	0	0	0	0	0
"sample43"	0	0	0	0	0	0	0	0	0	0	0	0	0	0	0	0	0	0	0	0
"sample44"	0	0	0	0	0	0	0	0	0	0	0	0	0	0	0	0	0	0	0	0
"sample45"	0	0	0	0	0	0	0	0	0	0	0	0	0	0	0	0	0	0	0	0
"sample46"	0	0	0	0	0	0	0	0	0	0	0	0	0	0	0	0	0	0	0	0
"sample47"	0	0	0	0	0	0	0	0	0	0	0	0	0	0	0	0	0	0	0	0
"sample48"	0	0	0	0	0	0	0	0	0	0	0	0	0	0	0	0	0	0	0	0
"sample49"	0	0	0	0	0	0	0	0	0	1	0	0	0	0	0	0	0	0	0	0
"sample50"	0	0	0	0	0	0	0	0	0	0	0	0	0	0	0	0	0	0	0	0
"sample51"	0	0	0	0	0	0	0	0	0	0	0	0	0	0	0	0	0	0	0	0
"sample52"	0	0	0	0	0	0	0	0	0	0	0	0	0	0	0	0	0	0	0	0
"sample53"	0	1	0	0	0	0	0	0	0	0	0	0	0	0	0	0	0	0	0	0
"sample54"	0	0	0	0	0	0	0	0	0	0	0	0	0	0	0	0	0	0	0	0
"sample55"	1	0	0	0	0	0	0	0	0	0	0	0	0	0	0	0	1	0	1	0
"sample56"	0	0	0	1	0	0	0	0	0	0	0	0	0	0	0	0	0	0	0	0
"sample57"	0	0	0	0	0	0	0	0	0	0	0	0	0	0	1	0	0	0	0	0
"sample58"	0	0	0	0	0	0	0	0	0	0	0	0	0	0	0	0	0	1	0	0
"sample59"	0	0	0	0	0	0	0	0	0	0	0	0	0	0	0	0	0	0	0	0
"sample60"	0	0	0	0	0	0	0	0	0	0	0	0	0	1	0	0	0	0	0	0
"sample61"	0	0	0	0	0	0	0	0	0	0	0	0	0	0	0	0	0	0	0	0
"sample62"	0	0	0	0	0	0	0	0	0	0	0	0	0	0	0	0	0	0	0	0
"sample63"	0	0	0	0	0	0	0	0	0	0	0	0	0	0	0	0	0	0	0	0
"sample64"	0	0	0	0	0	0	0	0	0	0	0	0	0	0	0	0	0	0	0	0
"sample65"	0	0	0	0	0	0	0	0	0	0	0	0	0	0	0	0	0	0	0	0
"sample66"	0	0	0	0	0	0	0	0	0	0	0	0	0	0	0	0	0	0	0	0
"sample67"	0	0	0	0	0	0	0	0	0	0	0	0	0	0	0	0	0	0	0	0
"sample68"	0	0	0	1	0	0	0	0	0	0	0	0	0	0	0	0	0	0	0	0
"sample69"	0	0	0	0	0	0	0	0	1	0	0	0	0	0	0	0	0	0	0	0
"sample70"	0	0	0	0	0	0	0	0	0	0	0	0	0	0	0	0	0	0	0	0
"sample71"	0	0	0	0	0	0	0	0	0	0	0	0	0	0	0	0	0	0	0	0
"sample72"	0	0	0	0	0	0	0	0	1	0	0	0	0	0	0	0	0	0	0	0
"sample73"	0	0	0	0	0	0	0	0	0	0	0	0	0	0	0	0	0	0	0	0
"sample74"	0	0	0	0	0	0	0	0	0	0	0	0	0	0	0	0	0	0	0	0
"sample75"	0	0	0	0	0	0	0	0	0	0	0	0	0	0	0	0	0	0	0	0
"sample76"	0	0	0	0	0	1	0	0	0	0	0	0	0	0	0	0	0	0	0	0
"sample77"	0	0	0	0	0	0	0	0	0	0	0	0	0	0	0	0	0	0	0	0
"sample78"	0	0	0	0	0	0	0	0	0	0	0	0	0	0	0	0	0	0	1	0
"sample79"	0	0	0	0	0	0	0	0	0	1	0	0	1	0	0	0	0	0	0	0
"sample80"	0	0	0	0	0	0	0	0	0	0	0	0	0	0	0	0	0	0	0	0
"sample81"	0	0	0	0	0	0	0	0	0	0	0	0	0	0	0	0	0	0	0	0
"sample82"	0	1	0	0	0	0	0	0	0	0	0	0	0	0	0	0	0	0	0	0
"sample83"	0	0	0	0	0	0	0	0	0	0	0	0	0	0	0	0	0	0	0	0
"sample84"	0	0	0	0	0	0	0	0	0	0	0	0	0	0	0	0	0	0	0	0
"sample85"	0	0	0	0	0	0	0	0	0	0	0	0	0	0	0	0	0	0	0	0
"sample86"	0	0	0	0	0	0	0	0	0	0	0	0	0	0	0	0	0	0	0	0
"sample87"	0	0	0	0	0	0	0	0	0	0	0	0	0	0	0	0	0	0	0	0
"sample88"	0	0	0	0	0	0	0	0	0	0	0	0	0	0	0	0	0	0	0	0
"sample89"	0	0	0	0	0	0	0	0	0	1	0	0	0	0	0	0	0	0	0	0
"sample90"	0	0	0	0	0	0	0	0	0	0	0	1	0	0	0	0	0	0	0	0
"sample91"	0	0	0	0	0	0	0	0	0	0	0	0	0	0	0	0	0	0	0	0
"sample92"	0	0	0	0	0	0	0	0	0	0	0	1	0	0	0	0	0	0	0	0
"sample93"	0	0	0	1	1	0	0	0	0	0	1	0	0	0	0	0	0	0	0	0
"sample94"	0	0	0	0	0	0	0	0	0	0	0	0	0	0	0	0	0	0	0	0
"sample95"	0	0	0	0	0	0	0	0	0	0	0	1	0	0	0	1	0	0	0	0
"sample96"	0	0	0	0	0	0	0	0	0	0	0	0	0	0	0	0	0	0	0	0
"sample97"	0	0	0	0	0	0	0	0	0	0	0	0	0	0	0	0	0	0	0	0
"sample98"	0	0	0	0	0	0	0	0	0	0	0	0	0	0	0	0	0	0	0	0
"sample99"	0	0	0	0	0	0	0	0	0	0	0	0	0	0	0	0	0	0	0	0
"sample100"	0	0	0	1	0	0	0	0	0	0	0	0	0	0	0	0	0	0	0	0
"sample101"	0	0	0	0	0	0	0	0	0	0	0	0	0	0	0	0	0	0	0	0
"sample102"	0	0	0	0	0	0	0	0	0	0	0	0	0	0	0	1	0	0	0	0
"sample103"	0	0	0	0	0	0	0	0	0	0	0	0	0	0	0	0	0	0	0	0
"sample104"	0	0	0	0	0	0	0	1	0	0	0	0	0	0	0	0	0	0	0	0
"sample105"	0	0	0	0	0	0	0	0	0	0	0	0	0	0	0	0	0	1	0	0
"sample106"	0	0	1	0	0	0	0	0	1	0	0	0	0	0	0	0	0	0	0	0
"sample107"	1	0	0	0	1	0	0	0	0	0	0	0	0	0	0	0	0	0	0	0
"sample108"	0	0	0	0	0	0	0	0	0	0	0	0	0	0	0	0	0	0	0	0
"sample109"	0	0	0	1	0	0	0	0	0	0	0	0	0	0	0	0	0	0	0	0
"sample110"	0	0	0	0	0	0	0	0	0	0	0	0	0	1	0	0	0	0	0	0
"sample111"	0	0	0	0	0	0	0	0	0	0	1	0	0	0	0	0	0	0	0	0
"sample112"	0	0	0	0	0	0	0	0	0	0	0	0	0	0	0	0	0	0	0	0
"sample113"	0	0	0	0	0	0	0	0	0	0	0	0	0	0	0	0	0	0	0	0
"sample114"	0	0	0	0	0	0	0	0	0	0	0	0	0	0	1	0	0	0	0	0
"sample115"	0	0	0	0	0	0	0	0	0	0	0	0	0	0	0	0	0	0	1	0
"sample116"	0	0	0	0	0	0	0	0	0	0	0	0	0	0	0	0	1	0	1	0
"sample117"	0	1	0	0	0	0	0	0	1	0	0	0	0	0	0	0	0	0	0	0
"sample118"	0	0	0	0	0	0	0	0	0	0	0	0	0	0	0	0	0	0	0	0
"sample119"	0	0	0	1	0	0	0	0	0	1	0	0	0	0	0	0	0	0	0	0
"sample120"	0	1	0	0	0	0	1	0	1	0	0	0	0	0	0	0	0	0	0	0
"sample121"	0	0	0	0	0	0	0	0	0	0	0	0	0	0	0	0	0	0	0	0
"sample122"	0	0	0	0	0	0	0	0	0	0	0	0	0	0	0	0	0	0	1	0
"sample123"	0	0	0	0	0	1	0	0	0	0	0	0	0	0	0	0	0	0	0	0
"sample124"	0	0	0	0	0	0	0	0	0	0	0	0	0	0	0	0	0	0	0	0
"sample125"	0	0	0	0	0	0	0	0	0	0	0	0	0	0	0	0	0	0	0	0
"sample126"	0	0	0	0	0	0	0	0	0	0	1	0	1	0	0	0	0	0	0	0
"sample127"	0	0	0	0	0	0	0	0	0	0	0	0	0	0	0	0	0	0	0	0
"sample128"	0	0	0	0	0	0	0	0	0	0	0	0	0	0	0	0	0	0	0	0
"sample129"	0	0	0	0	0	0	0	0	0	0	0	0	0	0	0	0	0	0	0	0
"sample130"	0	0	0	0	0	0	0	0	0	0	0	0	0	0	0	0	0	0	0	0
"sample131"	0	1	0	0	0	0	0	0	0	0	0	0	0	1	0	0	0	0	0	0
"sample132"	0	0	0	0	0	0	0	0	0	0	0	0	1	0	0	1	0	0	0	0
"sample133"	0	0	0	0	0	0	0	0	0	0	0	0	0	0	0	0	0	0	1	0
"sample134"	0	0	0	0	0	0	0	0	0	0	0	0	0	0	0	0	1	0	0	0
"sample135"	0	0	0	0	0	0	0	0	0	0	0	0	0	0	0	0	0	0	0	0
"sample136"	0	0	0	0	0	0	0	0	0	0	0	0	0	0	0	0	0	0	0	0
"sample137"	0	0	1	0	0	0	0	0	1	0	0	0	1	0	0	0	0	0	0	0
"sample138"	0	0	0	0	0	0	0	0	1	0	0	0	0	0	1	0	0	0	0	0
"sample139"	0	0	0	0	0	0	0	0	1	0	0	0	0	0	0	0	0	0	0	0
"sample140"	0	0	0	0	0	0	0	0	0	0	0	0	0	0	1	0	0	0	0	0
"sample141"	0	0	0	0	0	0	0	0	0	0	0	0	1	0	0	0	0	0	0	0
"sample142"	0	0	0	0	0	0	0	0	0	0	0	0	0	0	0	0	0	0	0	0
"sample143"	0	0	0	0	0	0	0	0	0	0	0	0	0	0	0	0	0	0	0	0
"sample144"	0	0	0	0	0	0	0	0	0	0	0	0	0	0	0	0	0	0	0	0
"sample145"	1	0	0	0	0	0	0	0	0	1	0	0	0	0	0	0	0	0	0	0
"sample146"	0	0	0	0	0	0	0	0	0	0	0	0	0	0	0	0	0	0	0	0
"sample147"	0	0	0	0	0	0	0	0	0	0	0	0	0	0	0	0	0	0	1	0
"sample148"	0	0	0	0	0	0	0	0	0	0	0	0	0	0	0	0	0	0	0	0
"sample149"	0	0	0	0	0	1	1	0	0	0	0	0	0	0	0	0	0	0	0	0
"sample150"	0	0	0	0	0	0	0	0	0	0	0	0	0	0	0	0	0	0	0	0
"sample151"	0	0	0	0	0	0	0	0	0	0	0	0	0	0	0	0	0	0	0	0
"sample152"	0	0	0	0	0	0	0	0	1	0	0	0	0	0	0	0	0	0	0	0
"sample153"	0	0	0	0	0	0	0	0	0	0	0	0	0	0	0	0	0	0	0	0
"sample154"	0	0	0	0	0	0	0	1	0	0	0	0	0	0	0	0	1	0	0	0
"sample155"	0	0	0	0	0	1	0	0	0	0	0	0	0	0	0	0	0	0	0	0
"sample156"	0	0	0	0	0	0	0	0	1	0	0	0	0	0	0	0	0	0	0	0
"sample157"	0	0	0	0	0	0	0	0	0	0	0	0	0	0	0	0	0	0	0	0
"sample158"	0	0	0	0	0	0	0	0	0	0	0	0	0	0	0	0	0	0	0	1
"sample159"	0	0	0	0	1	0	0	0	0	0	0	0	0	0	0	0	0	0	0	0
"sample160"	0	0	0	0	0	0	0	0	0	1	0	0	0	0	0	0	0	0	0	0
"sample161"	0	0	0	0	0	0	0	0	0	0	0	0	0	0	0	0	0	0	0	1
"sample162"	0	0	0	0	0	0	0	0	0	0	0	0	0	0	0	0	0	0	0	1
"sample163"	0	0	0	0	0	0	0	0	0	0	0	0	0	0	0	0	0	0	0	0
"sample164"	0	0	0	0	0	0	0	0	0	0	0	0	0	0	0	0	0	0	0	0
"sample165"	0	0	0	0	0	1	0	0	0	0	0	0	0	0	0	0	0	0	0	0
"sample166"	0	0	0	0	0	0	0	1	0	0	0	0	1	0	0	0	0	1	0	0
"sample167"	0	0	0	0	0	0	0	0	0	0	0	0	0	0	0	0	0	0	0	0
"sample168"	0	0	0	1	0	0	0	1	0	0	1	0	0	0	0	0	0	0	0	0
"sample169"	1	0	0	0	0	0	0	0	1	0	0	0	0	0	0	1	0	0	0	0
"sample170"	0	0	0	0	0	0	0	0	0	0	0	0	0	0	0	0	0	0	0	0
"sample171"	0	0	0	0	0	0	0	0	0	0	0	0	0	0	0	0	0	0	0	0
"sample172"	0	0	1	0	0	0	0	0	0	0	0	0	0	1	0	0	0	0	0	0
"sample173"	0	0	0	0	0	0	0	0	0	0	0	0	0	0	0	0	0	0	0	0
"sample174"	0	0	1	1	1	0	0	0	0	0	0	0	0	0	0	0	0	0	0	0
"sample175"	0	0	0	0	0	0	0	0	0	0	0	0	0	0	0	0	0	0	0	0
"sample176"	0	0	0	0	0	0	0	0	0	0	0	0	0	0	0	1	0	0	0	0
"sample177"	0	0	0	0	1	0	1	0	0	0	0	0	0	1	0	0	0	0	0	0
"sample178"	0	0	0	1	0	0	0	0	0	0	0	0	0	0	0	0	0	0	0	0
"sample179"	0	0	1	0	0	0	0	1	0	0	0	0	0	1	0	0	0	1	0	0
"sample180"	0	0	0	0	0	0	0	0	0	0	0	0	0	0	0	0	0	0	0	0
"sample181"	0	0	0	0	0	0	0	0	0	0	0	0	0	1	1	0	0	0	0	0
"sample182"	0	0	0	0	0	0	0	0	0	1	0	0	0	0	0	0	0	0	0	0
"sample183"	0	0	0	0	0	0	0	0	0	0	0	0	0	0	0	0	0	0	0	0
"sample184"	0	0	0	0	0	0	0	0	0	0	0	0	0	0	0	0	0	0	1	0
"sample185"	0	0	0	0	0	0	0	0	0	0	0	0	0	0	0	0	1	0	0	0
"sample186"	0	0	0	0	0	0	0	0	1	0	0	0	0	0	0	0	0	0	0	0
"sample187"	0	0	0	0	0	0	0	0	0	0	0	0	0	0	0	0	0	0	0	0
"sample188"	0	0	0	0	0	0	0	0	1	0	0	0	0	0	0	0	1	0	0	0
"sample189"	0	0	0	0	0	0	0	0	0	0	0	0	0	0	0	0	0	0	0	0
"sample190"	0	0	0	0	0	0	0	0	0	0	0	0	0	0	0	0	0	0	0	0
"sample191"	0	0	0	0	0	0	0	0	0	0	0	0	0	0	0	0	0	0	0	0
"sample192"	0	0	0	0	0	0	0	0	0	0	0	0	0	0	0	0	0	0	0	0
"sample193"	0	0	0	0	0	0	1	0	0	0	0	0	0	0	0	0	0	0	0	0
"sample194"	0	0	0	0	0	0	0	0	0	0	0	0	0	0	0	0	0	0	1	0
"sample195"	0	0	0	0	0	0	0	0	0	0	0	0	0	0	0	0	0	0	0	0
"sample196"	0	0	0	0	0	0	0	0	0	0	1	0	0	0	0	0	0	0	0	0
"sample197"	0	0	0	0	0	0	0	0	0	0	0	0	0	0	0	0	0	0	0	0
"sample198"	0	0	0	0	0	0	1	0	0	0	0	0	0	0	0	0	0	0	0	1
"sample199"	0	0	0	0	0	0	0	0	0	0	0	0	0	1	0	0	0	0	0	0
"sample200"	1	0	0	0	0	0	0	0	0	1	0	0	0	0	1	0	0	1	0	0
"sample201"	0	0	0	0	0	0	0	0	1	0	0	0	1	0	0	0	0	0	0	0
"sample202"	0	0	0	0	0	0	0	0	0	0	0	0	0	0	0	0	0	0	0	0
"sample203"	0	0	0	0	0	0	0	0	0	0	0	0	0	0	0	0	0	0	0	0
"sample204"	0	0	0	0	0	0	0	0	0	0	0	0	0	0	0	0	0	0	0	0
"sample205"	0	0	0	0	0	0	0	0	0	0	0	0	0	0	0	0	0	0	0	0
"sample206"	0	0	0	0	0	0	0	1	0	0	0	0	0	0	0	0	0	1	0	0
"sample207"	0	0	0	0	0	0	0	0	0	0	0	0	0	0	1	0	0	0	0	0
"sample208"	0	0	0	0	0	0	0	0	0	0	0	0	1	0	0	0	0	0	0	0
"sample209"	0	0	0	0	0	0	0	0	0	0	1	0	0	0	0	0	0	0	0	0
"sample210"	0	0	1	0	0	0	0	0	0	0	0	0	0	0	0	1	0	0	0	0
"sample211"	0	0	0	0	0	0	0	0	0	0	0	0	0	0	0	0	0	0	0	0
"sample212"	0	0	0	0	0	0	0	0	0	0	0	0	0	0	0	0	0	0	0	0
"sample213"	0	0	0	0	0	0	0	0	0	0	0	0	0	1	1	0	0	0	0	0
"sample214"	0	0	0	0	0	0	0	0	0	0	0	0	0	0	0	0	0	0	1	0
"sample215"	1	0	0	0	0	0	0	0	1	0	0	0	0	0	0	0	0	0	0	0
"sample216"	0	0	0	0	0	0	0	0	0	0	0	0	1	1	0	0	0	0	0	0
"sample217"	0	0	0	0	0	0	0	0	0	0	0	0	0	0	0	0	0	0	0	0
"sample218"	0	0	0	0	0	0	0	0	0	0	0	0	0	0	0	0	0	0	0	0
"sample219"	0	0	0	0	0	0	0	0	0	0	0	0	0	0	0	0	0	0	0	0
"sample220"	0	0	0	0	0	0	0	0	0	0	0	0	0	0	0	0	0	0	0	0
"sample221"	0	0	0	0	0	0	0	0	0	0	0	0	0	0	0	0	0	0	0	0
"sample222"	0	0	0	0	0	0	0	0	0	0	0	0	0	0	0	0	0	0	0	0
"sample223"	0	0	0	0	0	0	0	0	1	0	0	0	0	0	0	0	0	0	0	0
"sample224"	0	0	0	0	0	0	0	0	0	0	0	0	0	0	0	0	0	0	0	0
"sample225"	0	0	0	0	0	0	0	0	0	0	0	0	0	0	0	0	0	0	1	0
"sample226"	0	0	0	0	0	0	0	0	0	0	0	0	1	0	0	0	0	0	0	0
"sample227"	0	0	0	0	0	0	0	0	0	0	0	0	0	0	0	0	0	0	0	0
"sample228"	0	0	0	0	0	0	0	0	0	0	0	0	0	0	0	0	0	0	0	0
"sample229"	0	0	0	0	0	1	0	0	0	0	0	0	0	1	1	0	0	0	0	0
"sample230"	0	0	0	0	0	0	0	0	0	0	0	0	0	0	0	0	0	0	0	0
"sample231"	0	0	0	0	0	0	0	0	0	0	0	0	0	0	0	0	0	0	0	0
"sample232"	0	0	0	0	0	1	0	0	0	0	0	0	1	0	0	0	0	0	0	0
"sample233"	0	0	0	0	0	0	0	0	0	0	0	0	0	0	0	0	0	0	0	0
"sample234"	0	0	0	0	0	0	0	0	0	0	0	1	0	0	0	0	0	0	0	0
"sample235"	0	0	0	0	0	0	1	0	0	0	0	0	0	0	0	0	0	0	0	0
"sample236"	0	1	0	0	0	1	0	0	0	0	0	0	0	0	0	0	0	0	0	0
"sample237"	0	0	0	0	0	0	0	0	0	0	0	0	0	0	0	0	0	0	0	0
"sample238"	0	0	0	0	0	0	0	0	0	0	0	0	0	0	0	0	0	0	0	0
"sample239"	0	0	0	0	0	0	0	0	0	0	0	0	0	0	0	0	0	0	0	0
"sample240"	0	0	0	0	0	0	1	0	0	0	0	0	0	0	0	0	0	0	1	0
"sample241"	0	0	0	0	0	0	0	0	0	0	0	0	0	0	0	0	1	0	0	0
"sample242"	0	0	0	0	0	0	0	0	0	0	0	0	0	0	0	0	0	0	0	0
"sample243"	0	0	0	0	0	0	0	0	0	0	0	0	0	1	0	0	0	0	0	0
"sample244"	0	0	1	0	0	0	0	0	0	0	0	0	0	1	0	0	0	0	0	0
"sample245"	1	0	0	0	0	0	0	0	0	0	0	0	0	0	0	0	0	0	0	0
"sample246"	0	0	0	0	0	0	0	0	0	0	0	0	0	0	0	0	0	0	0	0
"sample247"	0	0	0	0	0	0	1	0	0	0	0	0	0	0	0	0	0	0	0	0
"sample248"	0	0	0	0	0	0	0	0	0	0	0	0	0	0	0	0	0	0	0	1
"sample249"	0	0	0	0	0	1	0	0	0	0	0	0	1	0	0	0	0	0	0	0
"sample250"	0	0	0	1	0	0	0	0	0	0	0	0	0	0	1	0	0	0	0	0
"sample251"	0	0	0	0	0	0	0	0	0	0	0	0	0	0	0	0	0	0	0	0
"sample252"	0	0	0	0	0	0	0	0	0	0	0	0	0	0	0	0	0	0	0	0
"sample253"	0	0	0	0	0	0	0	0	0	0	0	0	0	0	0	0	0	0	0	0
"sample254"	0	0	0	0	0	0	0	0	0	0	0	0	1	0	0	0	0	0	0	0
"sample255"	0	0	0	0	0	0	0	0	0	0	0	0	0	0	0	0	0	0	0	0
"sample256"	0	1	0	0	0	0	0	0	0	0	0	0	0	0	0	0	0	0	0	0
"sample257"	0	0	0	0	0	0	0	0	0	0	1	0	0	0	0	0	0	0	0	0
"sample258"	0	0	0	0	0	0	1	0	0	0	0	0	1	0	0	0	0	0	1	0
"sample259"	0	0	0	0	0	0	0	0	0	0	0	0	0	0	0	0	0	0	0	0
"sample260"	0	0	0	0	0	1	0	0	0	0	0	0	0	0	0	0	0	0	0	0
"sample261"	0	0	0	0	0	0	0	0	0	0	0	0	0	0	0	0	0	0	0	0
"sample262"	0	0	0	0	0	0	0	0	0	0	0	1	0	0	0	0	0	0	0	0
"sample263"	0	0	0	0	0	0	0	0	0	0	0	0	0	0	0	0	0	0	0	0
"sample264"	0	0	0	0	0	0	0	0	0	0	0	0	0	0	0	0	1	0	0	1
"sample265"	0	0	0	0	0	0	0	0	0	0	0	0	0	0	0	0	0	0	0	0
"sample266"	0	0	0	0	0	0	0	0	0	0	0	0	0	0	0	0	0	0	0	0
"sample267"	0	0	0	0	0	0	0	0	0	0	0	0	0	0	0	0	0	0	0	0
"sample268"	0	0	0	0	0	0	0	0	0	0	0	0	0	0	0	0	1	0	0	0
"sample269"	0	0	0	0	0	0	0	0	0	0	0	0	0	0	0	0	1	0	0	0
"sample270"	0	0	0	0	0	0	0	0	0	0	0	0	0	0	0	1	0	0	0	0
"sample271"	0	0	0	1	0	1	0	0	0	0	0	0	1	0	0	0	0	0	0	0
"sample272"	0	0	0	0	0	1	0	0	0	0	0	0	0	0	0	0	0	1	0	0
"sample273"	0	0	1	0	0	0	0	0	0	0	0	0	0	0	0	0	0	0	0	0
"sample274"	0	0	0	0	0	0	0	0	0	0	0	0	0	0	0	0	0	0	0	0
"sample275"	0	0	0	0	0	0	0	0	0	0	0	0	0	0	0	0	0	0	0	0
"sample276"	0	1	0	0	0	0	0	0	0	0	0	0	0	0	0	0	0	0	0	0
"sample277"	0	0	0	0	0	0	0	0	0	0	0	0	0	0	0	0	0	0	0	0
"sample278"	0	0	0	0	0	0	0	0	0	0	0	0	0	0	0	0	0	0	0	0
"sample279"	0	0	0	0	0	0	0	0	0	0	0	0	0	0	0	0	0	0	0	0
"sample280"	0	0	0	0	1	0	0	0	0	0	0	0	0	0	0	0	0	0	0	0
"sample281"	0	0	0	0	0	0	0	0	0	0	0	0	1	0	0	0	0	0	0	0
"sample282"	0	0	0	0	0	0	0	0	0	0	0	0	0	0	0	0	0	0	0	0
"sample283"	0	0	0	0	0	0	0	0	0	0	1	0	0	0	0	1	0	0	0	0
"sample284"	0	0	0	0	0	0	0	0	0	0	0	0	0	0	0	0	0	0	0	0
"sample285"	0	0	0	0	0	0	0	0	0	0	0	0	0	0	0	0	0	0	0	0
"sample286"	0	0	0	0	0	0	0	0	0	0	0	0	0	0	0	0	0	0	1	0
"sample287"	0	0	0	0	0	0	0	0	0	0	0	1	0	0	0	0	0	0	0	0
"sample288"	0	0	0	0	0	0	0	0	0	0	0	0	0	0	0	0	0	0	0	0
"sample289"	0	0	0	0	0	0	0	0	0	0	0	0	0	0	0	0	0	0	0	0
"sample290"	0	0	0	0	0	0	0	0	0	0	0	0	0	0	0	0	0	0	0	0
"sample291"	0	0	0	0	0	0	0	0	0	0	0	0	0	0	0	0	0	0	0	0
"sample292"	0	0	0	0	0	0	0	0	0	0	0	0	0	0	1	0	0	0	0	1
"sample293"	0	0	0	0	0	0	0	0	0	0	0	0	0	0	0	0	0	0	0	1
"sample294"	0	0	0	0	0	0	0	0	0	0	0	0	0	0	0	0	0	0	0	0
"sample295"	0	0	0	1	1	0	0	0	0	0	0	0	0	0	0	0	0	0	0	0
"sample296"	0	0	0	0	0	0	0	0	0	0	0	0	0	0	0	0	0	0	0	0
"sample297"	0	0	0	0	0	0	1	0	0	0	0	0	0	0	0	0	0	0	0	0
"sample298"	0	0	1	0	0	0	0	0	0	0	0	0	0	0	0	0	0	0	0	0
"sample299"	0	0	0	0	0	0	0	0	0	1	0	0	0	0	0	0	0	0	0	0
"sample300"	0	0	0	0	0	0	0	0	0	0	0	0	0	0	0	0	0	0	0	0
"sample301"	0	0	0	0	0	0	0	0	0	0	0	0	0	0	0	0	0	0	0	0
"sample302"	0	0	0	0	0	0	0	0	0	0	0	0	0	0	0	0	0	0	0	0
"sample303"	0	0	0	0	0	0	0	0	0	0	0	0	0	0	0	0	0	0	0	1
"sample304"	0	0	0	0	1	0	0	0	0	0	0	0	0	0	0	0	0	0	0	0
"sample305"	0	0	0	0	0	0	0	0	0	0	0	0	0	0	0	0	0	0	0	0
"sample306"	0	0	0	0	0	0	0	0	0	0	0	1	0	0	0	0	0	0	0	0
"sample307"	0	0	0	1	0	1	0	0	0	0	0	0	0	0	0	0	0	0	0	0
"sample308"	0	0	0	0	0	0	0	0	1	0	0	0	0	0	0	0	0	0	0	0
"sample309"	0	0	0	0	0	0	0	0	0	0	0	0	0	0	0	0	1	0	0	0
"sample310"	0	0	0	0	1	0	0	0	0	0	0	0	0	0	0	0	0	0	0	0
"sample311"	0	0	0	0	0	0	0	0	0	0	0	0	0	0	0	0	1	0	0	0
"sample312"	0	0	0	0	0	0	0	0	0	0	0	0	0	0	0	0	0	0	1	0
"sample313"	0	0	0	0	0	0	0	0	0	0	0	0	0	0	0	0	0	0	0	0
"sample314"	0	0	0	0	0	0	0	0	0	0	0	0	0	0	0	0	0	0	0	0
"sample315"	0	0	0	0	0	0	0	0	0	0	0	0	0	0	0	0	0	0	0	0
"sample316"	0	0	0	0	0	0	1	0	0	0	0	0	0	0	0	0	0	0	0	1
"sample317"	0	0	0	0	0	0	0	0	0	0	0	0	0	0	0	0	0	0	0	0
"sample318"	0	0	0	0	1	0	0	0	0	0	0	0	0	0	0	0	0	0	0	0
"sample319"	0	0	0	0	0	0	0	0	0	0	0	0	0	0	0	0	0	0	0	0
"sample320"	1	0	0	0	0	0	0	0	0	0	0	0	0	0	0	0	0	0	0	0
"sample321"	0	0	0	0	0	0	0	0	0	0	0	0	0	0	0	0	0	0	0	0
"sample322"	0	0	0	0	0	0	0	0	0	0	0	0	0	0	0	0	0	0	0	0
"sample323"	0	0	0	0	0	0	0	0	0	0	0	0	0	0	0	0	0	0	0	0
"sample324"	0	0	0	0	0	0	0	0	0	0	0	0	0	0	0	0	1	0	0	0
"sample325"	0	0	0	0	1	0	0	0	0	0	0	0	0	0	0	0	0	0	0	1
"sample326"	0	0	0	0	0	0	0	0	0	0	0	0	0	0	0	0	0	0	0	0
"sample327"	0	1	0	0	0	0	0	0	0	1	0	0	0	0	0	0	1	0	0	0
"sample328"	0	0	0	0	0	0	0	1	0	0	0	0	0	0	0	0	0	0	0	0
"sample329"	0	0	0	0	0	0	0	0	0	0	0	0	0	0	0	0	0	0	0	0
"sample330"	0	0	0	0	0	0	0	0	0	0	0	0	0	0	0	0	0	0	0	0
"sample331"	0	0	0	0	0	0	1	0	0	0	0	0	0	0	0	0	0	0	0	0
"sample332"	1	0	0	0	0	0	0	0	0	0	0	0	0	0	0	0	0	0	0	0
"sample333"	0	0	0	0	0	0	0	0	1	0	0	0	0	0	0	0	0	0	0	0
"sample334"	0	0	0	0	0	0	0	0	0	0	0	0	0	0	0	1	0	0	0	0
"sample335"	0	0	0	0	0	0	0	0	0	0	0	0	0	0	0	0	0	0	0	0
"sample336"	0	0	0	0	0	1	1	0	0	0	0	0	0	0	0	0	0	0	0	0
"sample337"	0	0	0	0	0	0	0	1	0	0	0	0	0	0	0	1	0	0	0	0
"sample338"	0	0	0	0	0	0	0	0	0	0	0	0	0	0	0	0	0	0	0	0
"sample339"	0	0	0	0	0	0	0	0	0	0	0	0	0	0	0	0	0	0	0	0
"sample340"	0	0	0	0	0	0	0	0	0	0	0	0	0	0	0	0	0	0	0	0
"sample341"	0	0	0	0	0	0	1	0	0	0	0	0	0	0	1	0	0	0	0	0
"sample342"	0	0	0	0	0	0	0	0	0	0	0	0	0	0	0	0	0	0	0	0
"sample343"	0	0	0	0	0	0	1	0	0	1	0	0	0	1	0	0	0	0	0	0
"sample344"	0	0	0	0	0	0	0	0	0	0	0	0	0	0	0	0	0	0	0	0
"sample345"	0	0	0	0	0	0	0	0	0	0	0	0	0	0	0	0	0	0	0	0
"sample346"	0	0	0	0	0	0	0	0	0	0	0	0	0	0	0	0	0	1	0	0
"sample347"	1	0	0	0	0	0	0	0	0	0	0	0	0	0	0	0	0	0	0	0
"sample348"	0	1	0	0	0	0	0	0	0	0	0	0	0	0	0	1	0	0	0	0
"sample349"	0	0	0	0	0	0	0	0	0	0	0	0	0	0	0	0	0	0	0	0
"sample350"	0	0	0	0	0	0	0	0	0	0	0	0	0	0	0	0	1	1	0	0
"sample351"	0	0	0	0	0	0	0	0	0	0	0	0	0	0	0	0	0	0	0	0
"sample352"	0	1	0	0	0	0	0	0	0	0	0	0	0	0	0	0	0	0	0	0
"sample353"	0	0	0	0	0	0	0	1	0	0	0	0	0	0	0	0	0	0	0	0
"sample354"	0	0	0	0	0	0	0	0	0	0	0	0	0	0	0	0	0	0	0	0
"sample355"	0	0	0	0	0	0	0	0	0	0	1	0	0	0	0	0	0	0	0	0
"sample356"	0	0	0	0	0	0	0	0	0	0	0	0	0	0	0	0	0	0	0	0
"sample357"	0	0	0	0	0	0	0	0	0	0	0	0	0	0	0	0	0	0	0	0
"sample358"	0	0	0	0	0	0	0	0	0	0	1	0	0	0	0	0	0	0	0	0
"sample359"	0	0	0	0	0	0	0	0	0	0	0	0	0	0	0	0	0	0	0	1
"sample360"	0	0	0	0	0	0	0	0	0	0	0	0	0	0	0	0	0	0	0	0
"sample361"	0	1	0	0	0	0	0	0	0	0	0	0	1	0	0	0	0	0	0	0
"sample362"	0	0	0	0	0	0	0	0	0	0	0	0	0	0	0	0	0	1	0	0
"sample363"	0	0	0	0	0	0	0	0	0	1	0	0	0	0	0	0	0	0	0	0
"sample364"	0	0	0	0	0	0	0	0	0	0	0	0	0	0	0	0	0	0	0	0
"sample365"	0	0	0	0	0	0	0	0	0	0	0	0	0	0	0	0	0	0	0	0
"sample366"	0	0	0	0	0	0	0	0	0	0	1	1	0	0	0	0	0	0	0	1
"sample367"	0	0	0	0	0	0	0	0	0	0	0	0	0	0	0	0	0	0	0	0
"sample368"	0	0	0	0	0	0	0	0	0	0	0	0	0	0	1	0	0	0	0	0
"sample369"	0	0	0	0	0	0	0	0	0	0	0	0	0	0	0	0	0	0	0	0
"sample370"	0	0	0	0	0	0	0	0	0	0	0	0	0	0	0	0	0	0	1	0
"sample371"	0	0	0	0	0	0	0	0	0	0	0	0	0	0	0	0	0	0	0	0
"sample372"	0	0	0	0	0	0	0	1	0	0	0	0	0	0	0	0	0	0	0	0
"sample373"	0	0	1	0	0	0	1	0	0	0	0	0	0	0	0	0	0	0	0	0
"sample374"	0	0	0	1	0	0	0	0	0	1	0	0	0	0	0	0	0	0	0	0
"sample375"	0	0	1	0	0	0	0	0	0	1	0	0	0	0	0	0	0	0	0	0
"sample376"	0	0	0	0	0	0	0	0	0	0	0	0	0	0	0	0	0	0	0	0
"sample377"	0	0	0	0	0	0	0	0	0	0	0	0	0	0	0	0	0	0	0	0
"sample378"	0	0	0	0	0	0	1	0	1	1	0	0	0	0	1	0	0	0	0	0
"sample379"	0	0	0	0	0	1	0	0	0	0	0	0	0	0	0	0	0	0	0	0
"sample380"	0	0	1	0	0	0	0	0	0	0	0	0	0	0	0	0	0	0	0	0
"sample381"	0	0	0	0	1	0	0	0	0	0	0	0	0	0	0	0	0	0	0	0
"sample382"	1	0	0	0	0	0	0	0	0	0	1	0	0	0	0	0	0	0	0	0
"sample383"	0	0	0	0	0	0	0	0	0	0	0	0	0	0	0	0	0	0	0	0
"sample384"	0	0	0	0	0	0	0	0	0	0	0	0	0	0	0	0	0	0	0	0
"sample385"	0	0	0	0	0	0	0	1	0	0	0	0	0	0	0	0	0	0	0	0
"sample386"	0	0	0	0	0	0	0	0	0	0	0	0	0	0	0	0	0	0	0	0
"sample387"	0	0	0	0	0	0	1	0	1	0	0	0	0	0	0	0	0	0	0	0
"sample388"	0	0	0	0	0	0	0	0	0	0	0	1	0	0	0	0	0	0	0	0
"sample389"	0	0	0	0	0	0	0	0	0	0	0	0	0	0	0	0	0	0	0	0
"sample390"	0	1	0	0	0	0	0	0	0	0	0	0	0	0	0	0	0	0	0	0
"sample391"	0	0	0	0	0	0	0	0	0	0	1	0	0	0	0	0	0	0	0	0
"sample392"	0	0	0	0	0	0	0	0	0	0	0	0	0	0	1	0	1	0	0	0
"sample393"	0	0	0	0	0	0	0	0	0	0	0	0	0	0	0	0	0	0	0	0
"sample394"	0	0	0	0	1	0	0	0	0	0	0	0	0	0	0	0	0	0	0	0
"sample395"	0	0	0	0	0	0	0	0	0	1	0	0	0	1	0	0	0	0	0	0
"sample396"	0	0	0	0	0	0	0	0	0	0	0	0	0	0	0	0	0	0	0	0
"sample397"	0	1	1	0	0	0	0	0	0	0	0	0	0	0	0	0	0	0	0	1
"sample398"	0	0	0	0	0	0	0	0	0	0	0	0	0	0	0	0	0	0	0	0
"sample399"	0	0	0	1	1	0	0	0	0	0	0	0	0	0	0	0	0	0	0	0
"sample400"	0	0	0	1	0	1	0	0	0	0	1	0	0	0	0	0	0	0	0	0
